3255412047424989808
10357297624195224749
4498915049249588897
1796333412977923949
14604197227339605383
8199806626650270569
525353582489367298
3781687300704619977
5283857848126583603
2070298975364119814
17260586997365356949
3181381557385592926
14061676096491356067
4386758047572643276
735272568024690724
1791627379118438372
1202675835801973653
14533381549977610120
2381979495275163288
4564537463957987077
2658292361012487452
13171429390023507624
7308134096178852422
8008936695025494422
5561203178419614407
9869509961514255910
12122702559347748735
18408906288388671496
3970353222515188301
11738241961037067651
5894103595339824599
11423028865652655136
9691127747610847765
4725692161180963847
4695048109455810795
5691172486843241434
14872841668341260730
44675753959063275
2527366102311616905
14158731149530845103
9587515060618363298
16189765469061311130
1727649791529073232
16514558292447685806
5353235000928990102
13126460801717806162
7954368646819288763
11840031012745564065
15860075711494052152
18175096247636038256
8671737854924883091
4300911275702917926
16428603244715033409
16365575716750435751
4311946346735185221
4028356806405016664
6514450984538619029
21395292546574372
17956110389751657292
8496158042478583629
8359665763026907823
3949273946530092987
2319656028767452763
17503715211651158028
15833950438153633222
4030686739055229546
15531997033144228147
2951728995935434625
2116597348759421245
8014849546210288248
17761721028655721784
11797695013449973898
2971589431137247210
17787040827710210172
6035414862829640669
6790201156742860126
17351584780092995212
5001104748420428320
1783379023579700233
3165188724064778269
13604863520550126771
11987693286706868551
816170480387563959
9322351188959109092
10952204321742941219
11070920381121426177
16236774512277441173
16524204124059481256
9010172000461160357
10484422364051211388
12157137882836334236
8108174870448279149
9206135939433858443
10535167924730209301
4635449587529705349
13193000364221985218
5718651407747900208
10608461594667108275
1715855044078902501
10836292782951815304
3918211289366591826
3278947044084636500
12500603888335405528
4588198885217062864
13591043832438217912
13272909277748123864
3907152047681977166
8618743382830885971
12980452473609761808
9887536286899825609
8343796436730183142
14594161184032843273
8821671880829368356
15525404308178343307
7869527204631535710
11797055551839032100
10513761172335597399
13234217566969980097
739019997528164540
18216501401045345901
256671257089448678
14366085712662879950
9372903158864773218
9449093243328008211
2718149124849236020
5236495438746976578
7238029073480327686
16503875744170916775
1494891220560821510
1368485350437701911
10233587049209304801
11253269064774442286
9636322378401186836
2490670940723619886
2497957121859418024
8511532564607240245
6358470281920700197
242676521581469953
9953034873178083850
1453980436391275216
3628691717808429614
1380343923509452321
3413872195963065620
11800649275932869329
17477538167492416818
11995164622994073298
16670010004120094205
4324737306680398368
13489339391289533238
1910580734814109391
3279290306167313819
15577590230620833955
17883896265355921838
9669743875444181443
2867736542216892674
10411938665057158346
11825904436243190046
9972173128809512461
10751350656259238170
41894738095661903
2670949876470819633
4384537379401637426
2551262199891724604
4282884543324772758
740463217431666803
13253189682392951671
2674461343278705694
7002313817515755872
1248276171289476837
15588913369773202987
6521971597499704990
9246119260164891948
7256527057131916415
2453371465327382059
6407297947941985217
11861885237477025438
6899874771939642185
12755087201564768494
8201178339582851595
11981233811662047814
7674460552599013835
10656791099954414177
7527156645942618811
5575933552071908720
8607318051327330541
18237451808754747348
5878231131318554731
16781634107408949934
17760204336377686273
7904654975868029124
12655561019457915926
16779092122661360714
15438091903359022795
1675330407950665773
10904884614321611587
4215390387209528158
16273893158561273092
961973300819490885
1373494900504884956
2100883617773981851
